wells.saudi.chemistry.Borehole|wells.saudi.chemistry.pH|wells.saudi.chemistry.Eh|wells.saudi.chemistry.TDS|wells.saudi.chemistry.Ca|wells.saudi.chemistry.K|wells.saudi.chemistry.Mg|wells.saudi.chemistry.Na|wells.saudi.chemistry.HCO3|wells.saudi.chemistry.Cl|wells.saudi.chemistry.SO4|wells.saudi.chemistry....12|wells.saudi.chemistry.NO3|wells.saudi.chemistry.F|wells.saudi.chemistry.PO4|wells.saudi.chemistry.TH|wells.saudi.chemistry.TA|wells.saudi.chemistry.TS|wells.saudi.chemistry.SS|wells.saudi.chemistry.COD|wells.saudi.chemistry.BOD|wells.saudi.chemistry.DO|wells.saudi.metals.Borehole|wells.saudi.metals.As|wells.saudi.metals.B|wells.saudi.metals.Ba|wells.saudi.metals.Be|wells.saudi.metals.Cd|wells.saudi.metals.Co|wells.saudi.metals.Cr|wells.saudi.metals.Cu|wells.saudi.metals.Fe|wells.saudi.metals.Hg|wells.saudi.metals.Mn|wells.saudi.metals.Mo|wells.saudi.metals.Pb|wells.saudi.metals.Se|wells.saudi.metals.Zn
1|7.5|377|1780|269|19|75|338|226|852|302|NA|42|1.1|0.4|977|185|3320|1540|0.4|1.1|6.7|1|0.2|15.2|7.1|0.3|0.3|0.1|0.5|0.6|93|0.5|0.1|26|2.2|1.5|0.8
2|7.4|382|1456|259|20|68|257|183|710|312|NA|41|1|0.1|925|150|2946|1490|0.2|1.4|6.5|2|0.3|9.4|7.5|0.3|0.4|0.1|0.3|0.6|14|18.7|0.3|14|1.9|1.8|0.6
3|7.4|378|1471|476|35|66|238|189|710|797|NA|40|1.1|0.1|1460|155|2976|1505|0.4|1.9|6.6|3|0.7|9.6|7.1|0.3|0.3|0.2|0.1|0.7|23|58.3|0.1|17|2.2|0.7|0.5
4|7.5|382|1578|374|17|60|226|220|745|413|NA|39|1.1|0.1|1180|180|3144|1566|0.8|1.5|6.7|4|0.2|9.9|6.8|0.4|0.4|0.3|0.4|0.6|2.5|3.9|0.2|24|2.8|1.5|0.3
5|7.7|376|1411|291|7|58|191|214|710|178|NA|40|1.1|0.1|966|175|2906|1495|1|1.4|7|5|0.7|9.1|8.8|0.4|0.3|0.2|0.5|0.7|3.7|20|0.2|11|2.3|0.9|1.6
6|7.8|380|1400|464|3|58|338|159|710|935|NA|40|1|0.1|1400|130|2880|1480|0.4|1.9|6.1|6|0.3|9.3|8.7|0.4|0.3|0.1|0.3|0.5|2|3.2|0.2|27|2.2|0.7|3.6
7|7.6|374|1683|369|17|83|272|128|781|606|NA|42|1|0.1|1261|105|3198|1515|0.8|0.4|6|7|0.3|18.5|9.2|0.4|0.3|0.1|0.6|0.5|4|2.3|0.1|13|2.5|2.3|1.6
8|7.3|377|1184|330|10|42|132|128|568|341|NA|42|1|0.1|998|105|2559|1375|1.2|1.5|7|8|0.6|7|13.9|0.4|0.3|0.1|0.4|0.5|1.2|19.2|0.1|18|2.5|0.9|1.2
9|7.5|370|1784|311|39|73|352|153|781|634|NA|7|1|0.1|1078|125|3240|1456|0.4|1.9|7.5|9|0.2|8.5|3.3|0.3|0.3|0.1|0.3|0.6|2.7|1.9|0.3|31|3|0.1|0.8
10|7.4|367|1319|316|8|59|447|134|639|925|NA|45|1|0.1|1033|110|2820|1501|1|1.7|7.5|10|0.1|8.6|24.6|0.4|0.3|0.2|0.8|0.5|0.8|21.7|0.1|25|2.1|1.5|1.4
11|7.6|367|985|234|10|35|112|165|497|120|NA|40|1|0.1|729|135|2317|1332|0.4|1.7|7|11|0.7|6.6|17.4|0.3|0.3|0.2|0.4|0.5|1.6|4.3|0.2|18|2.1|1.5|0.5
12|7.6|386|1048|214|5|37|109|140|426|178|NA|38|1|0.1|689|115|2488|1440|1.2|0.5|6.9|12|0.8|7|10.8|0.4|0.3|0.2|0.6|0.7|1.3|1|0.2|27|2.7|2.8|0.4
13|7.5|382|1878|399|6|72|267|165|1065|202|NA|43|1|0.1|1293|135|3463|1585|0.4|1.7|6.8|13|0.5|7|41.2|0.3|0.1|0.2|0.5|0.5|7.8|0.7|5.2|15|2.9|2.5|6.5
14|7.4|380|3028|427|10|133|482|159|1562|298|NA|48|1|0.1|1615|130|4758|1730|0.8|1.7|7.1|14|1.2|22.8|16.7|0.4|0.3|0.1|2.1|0.7|0.5|2.1|0.3|12|1.3|2.2|0.9
15|7.4|378|2583|456|39|96|400|183|1349|350|NA|46|0.9|0.1|1535|150|4253|1670|1|1.9|7.3|15|2.2|16.4|20.2|0.4|0.3|0.1|0.7|0.6|14.9|0.1|0.7|13|1.7|3|0.4
16|7.8|377|1124|262|4|38|109|153|568|92|NA|39|0.9|0.1|812|125|2544|1420|0.4|1.9|7|16|0.4|6.6|43.1|0.5|0.3|0.7|0.7|0.5|2|1.2|0.8|23|2.3|2.3|0.1
17|7.8|377|800|246|16|26|64|171|426|120|NA|28|1|0.1|723|140|2122|1322|0.4|2|6.2|17|1|4.9|25.6|0.4|0.3|0.2|0.7|0.6|3.7|0.7|0.3|19|2.4|0.7|1.1
18|7.2|389|3080|506|24|27|1816|110|3408|408|NA|47|0.8|0.1|1376|90|4838|1758|1.2|1.6|6.9|18|0.3|16.4|77.3|0.3|0.3|0.2|1.3|0.8|0.5|0.1|0.8|12|1.1|0.5|1.2
19|7.1|394|6703|461|24|29|2661|128|4686|331|NA|46|0.8|0.1|1272|105|8835|2132|1.2|0.4|6.2|19|0.8|13.2|79.4|0.3|0.3|0.2|0.5|0.6|4.5|28.2|0.1|11|0.1|0.2|2
20|7|387|10018|900|29|56|3879|116|7455|302|NA|43|0.8|0.3|2478|95|12722|2704|1.2|1.5|6.9|20|1.5|16.7|100.8|0.2|0.3|0.2|0.4|0.6|0.6|1.8|0.3|22|0.7|0.2|2.1
21|7|382|2142|290|20|21|1251|153|1349|1402|NA|45|1|0.1|811|125|3762|1620|1.6|1.8|7.3|21|0.9|9.7|44.7|0.4|0.3|0.1|1|0.8|0.6|44.3|0.1|14|1.4|0.4|0.3
22|7.1|388|5010|677|21|29|1639|110|3408|465|NA|27|1|0.2|1810|140|6940|1930|1.2|1.1|6.7|22|0.1|12.8|68.5|0.4|0.3|0.1|0.8|0.9|0.7|3.5|0.1|21|2|0.4|3.9
23|7.6|355|406|239|5|12|207|159|213|612|NA|44|1|0.1|646|130|1698|1292|1.2|1.9|7.3|23|0.5|4.4|9.1|0.5|0.3|0.1|1.4|0.6|0.2|10.1|0.1|21|1.9|0.2|3.4
